$ANSIBLE_VAULT;1.1;AES256
34353536363435623761313261636339396330393762616364393432373030653130383031396237
3133646533663439616364663031666434353937313063390a396361336630333131346264373036
36633665663139623932366564336632643663656332643637666561373036656362356133353636
3133376636633639380a303062613036313162363862663435653264353736333166306233643136
65313830356139323463653137643662623734623933323464393339636465313035313534363463
32623065356432346131623163363265376430366436356633613761336137323036626136386334
38343430363031383037393535303139323062346535363230386362343136336435363838313539
37643561646362356134303932613835323665343732633931393934313935656431343564326539
61363930383163396532623764333264396566613633343034623466663731363565626233373839
62613565336361303736613330663831346264346234323862333230663966356235646333393463
34366236333363363335666666633838616361653437653561393833643239346537323034653165
32666636396133383336626566336636653830326136336633343632613866333762366164666136
63643736306432373331393662663833326565326630613439663033313366363365633433313936
63633538663635653431653439653335633337663939363462356638613434346132666437663333
30386332653030306338643962316238613135626363616165353064383434633433653161346434
39306539303734366466363239636461613365623038653366626233646334643235383637363861
30616533346364353864313265366235623639636638336435303761653337663630613763383534
37613639653264356631633866626233646433316430333833323033356461353736353531643136
39343961313661373535333132326436323562353336636635363064376234373030353334363339
63326261343062353665323661646232666633306335363830393530393431343562333831343266
34613331333037373164366161386566363633623031636439356136303133366432636130393537
65653362633666366162343738363861643137316239366163616436373465373832656664333439
31636330643036313762636134393265613434313861663366323638333131333061646237366639
38306566643430343533613430346439663734316166663265353737303831616666313063656231
32613537373466386465386663613234366538386166326131363364383433336463623632363961
30396131643236323863643534613037306438386430383565613561333237643432303764633131
62643639633039336363383338653731383932323064363331353637633966363563653434303831
32366565343965356337353037366535323435663765346338643266333535316338396538666166
30356332633063386165653164306634653030333063383537393961303535643631333839313631
64316361313732386365303336323961313061376230353765346132393230353037333232643566
36633134653963636461313031323439653064383330306538316435396630393830356534323533
65393664666339373663383738353131343336303731353065333131633834666239323563353464
65666130653266363330333564613131653632396336653564313562666264316165633135623164
64343965353862663336653561626238626334383932343233613839393962306530376434336431
30333662326632343537646637373165316537386633313165323038303165633537363266366631
66646665656164343265376636373438363637393564353766306362346535623038343430646333
65656339643063396232323530326162616363653339336163323263653463636364306638626361
63393638626463613438613936306237373835363933636639653738653361376532626332363461
36333031633362346566643737333932636438373235643838663432626661623734393334623864
34653234376337653732366634613839653335336635613339653836326536656532616639396233
36306334376265613233313131366266306262333938633662636534333832396265613038623936
39616131373337386239303738616235373539623839383434343031336531383836646665303738
33316265343938313134303433376237633963393436626237626162396536383633376233306162
61386665383362643561303531386336326334363338393133393464663639616163633964306435
30653533303233333165643937633332353935636335343136316330346333666535356262366336
37653835343239336539383838393939396132376433626630656262313736643066343535376566
34633238353035656637316130623461376635376536326334333034646633376666663731336436
62333665613061653437613431323832333534353230633631373231653936643436653863396338
64333939626232396534346361393936636361313335393438643737376232643030333466653138
30326435623734666463313634333137386334313534633930393931316337356662383137376134
61386633656365316364353932663531653633373633633635666431316338613236343730326638
63613532623063353462303766613432346664346466373537313561616664356163636563346334
62633262333031396534633063663235346265373263313865386330396635653034393838336430
62386234326439373864646131366339376636376535383438666465303865656335323133393236
36613831333164653732303130643566653135623637366230346337343433643061643061306532
62303264653766323337613564333166623935626664653562613965353836613262353966663062
65646335663239353332333038663765663133636565373230353761656435343136303938663334
32333637393831663262633465303665646137623232643363633834303064323632343837396464
30636363333761323036643133373338633030653539386635363536653132376134643333323166
38346430396662643531646163366536353734623832323663353732346432613039616331346530
65633330336539383134386234366264303132616164376536363861656161353933653735343234
38303230636330313564643865376561633764643338363538363134643039623166653938386464
66373966643962366633336436366263343864373164626562303163373766616361383065333233
65393632386666633165633662343136306666646562373535346363393964663466326136333335
64393466326530393665633337313730343833653930373462393966363962326664643536353939
62643330373330396538396236343431363638353835633339663134623733333036363037653561
35343331623063613637343966323635623831623464646639323535653033396363653032343635
31373834363333376361366562386238613731626265316230383465323162393664333631333537
64396663613039373665616130623463616563636136626430643538646163616463363435343865
34313431313732393165636132653639613533633630376462363938343163626539353037353865
33306333383264386535653939663138383737313239373663343662333337656462356130316635
33663066623133343631343664646532323938353335353331646461343433336134303066313030
63636262306264356634333133383436656539303066323435616462663162396434376661346231
38633062313964626462343638323038316263653836313835653634643030656632343636363731
34656261393630383039303164663037666439393266643130653064373236323739656466323462
38313235343930623735636133353535333235313332636230653833376533363732633561346437
66376662316634356339636534393861373637653938363661356138326464393363663937303034
65633336613766366439376365393163316563626537656636343066613665643464636338643234
39656436313466386637323861633037663063643333396461613737353336333965653661636466
34633765346432333136343031356133316531376231376338663635383935353565383934393734
39353238646465663037333236653332383763653962366638386138356236383661333336353236
33333238373531393034303232366436633261653064623235373538366462653664313635343233
35646663353331626465643761303736303436636536643832616530353564626335666131643632
37396631313934636237616333383734393663623438343338343035353637333461303434396634
62646334356333366432373363326462343963386663323766656364366238333932653339646637
31386632393733383832323231626437366364646431323936643034333061616230353630646162
38373330373865343535613231653162363632313939323236393361323965326366643664336564
33306535623034306139386662343966333732383965343332303033353734323738623737356166
36343637353734636162353763646239663863613265396537383366356535346338376339323565
35346263663937343161616635386238623932306264396265613139356436343233623136643563
35653833376237626163336532353835386362643135303966663534316633636664643635383833
64343033613462373635633661643763366630383937633234623634636361373463373230616562
3964
